232 112 125064.089844
177 195 16144.8027344
235 15 11550377.0
23 63 1074.38427734
66 130 24362.3921509
22 111 43469.0146484
182 102 11295.5539551
210 104 532197.625
71 235 221903.96875
59 109 529555.351562
184 215 203.261856079
171 107 29937.5656739
178 20 4791.17248154
102 35 1916.46911621
235 135 15084447.5
178 94 85979.7583008
14 27 8101.4375
238 210 3048.92797852
142 109 20965.0024414
148 242 4878.28710938
217 46 555979.399231
209 159 393689.140625
226 241 1328316.5
17 200 396535.033569
215 226 11702.0733643
16 49 3513.52611542
168 183 239616.667969
45 119 4173022.875
84 216 95213.6562497
123 110 478826.9375
220 209 55548.5722656
223 119 7433.57501221
27 66 2903.7402935
80 66 667.86053467
247 110 192634.109375
60 83 19376379.0
11 96 46837.336544
206 200 1360025.1875
220 75 35048.1601562
60 51 2700.47845459
103 43 2468.17991638
15 203 5062586.25
22 133 109645.265625
178 212 9611.38360597
228 132 183864.910156
228 110 18487909.5
225 215 58.074825287
75 171 108367.652344
130 61 307215.75
130 162 18729.1329346
198 22 15680.2016602
102 83 1874190.6875
99 111 23462.2260742
70 162 6184.96704101
15 171 14721.9697265
210 32 33915.6884765
61 157 15964131.0
22 210 1131094.125
61 27 10395.3903809
76 105 5385015.0
71 209 70560.899414
159 122 5633.25548934
109 157 6693759.75
43 104 7578.76232911
43 215 580.748291015
105 101 127561.296875
175 171 7694.91369629
216 43 2090.69313049
144 99 693209.882812
54 130 261.336730957
177 17 16928.814331
49 242 20500.4094162
175 182 16348.0563965
103 65 47389.0683593
203 195 493.636016846
175 112 38377750.0
49 41 580.748228073
194 80 3281.22881889
35 91 29821.4324951
50 209 3920.04986381
56 66 101747.0625
199 14 406.523803711
67 100 68412.1166992
102 242 20529.4448242
216 229 22794.3652344
104 55 110922.894531
134 235 101572.863281
40 32 6677531.75
75 200 941973.859375
129 135 40245.8505859
161 221 8653.14746096
60 114 7723.94921877
157 20 38503.6162109
102 60 8333.73779297
91 76 187872.039062
71 210 4529.83740234
242 32 92455.1367188
183 130 88331.8046875
91 215 129448.796875
133 198 609.785703658
84 209 355911.648438
175 115 319.411560059
35 12 21110.1870728
187 110 1103.42175293
166 175 107496.460938
84 24 77036.2372437
157 238 165455.210938
168 247 31563.6645508
55 110 888718.8125
192 195 725.93536377
96 91 46459.8443565
159 109 85689.397461
11 109 513497.453125
103 229 29414.8874511
11 134 3542.56469726
238 100 207907.8125
174 103 126138.554688
112 156 181106.289062
43 103 2468.17991638
223 55 115859.285645
54 15 10075.9852295
134 83 131249.140625
200 39 3455.45141602
35 65 8827.37640381
66 238 3600.63897705
177 83 65819444.0
102 86 11092.291748
221 217 157615.105469
19 235 2360015.0
80 119 525838.300781
96 175 9001.59765625
236 32 83324868.0
239 100 3687.75030518
203 221 34118.9492188
203 112 546658.203125
110 102 261365.632812
22 242 1419638.21875
132 54 145.187072754
91 15 30373.1328125
236 15 18172769.0
182 133 1219.57140732
35 151 78836.5625003
65 135 13095.8690185
210 228 50205.6738282
216 22 11625358.0
228 93 7723.95019531
75 166 7277672.75
114 93 58.0748252869
109 46 2722691.3125
67 209 185026.304688
61 141 5894.59405324
241 76 1443826.6875
101 157 5517020.0
162 182 238484.155396
24 60 3513.5269928
71 61 28021.1079102
49 220 29.0374126435
130 151 37255.0117188
175 137 7114.16540528
151 168 117224.03125
55 112 248385.894531
184 195 2555.29248047
174 59 4065.23822022
110 112 32658604.0
101 55 18903.3564453
91 210 8449.88369752
187 236 437332.476562
242 238 5197.69653321
63 40 21778.0632324
144 15 781048.03125
227 214 232.299301147
16 100 406.523649216
162 70 6184.96704101
45 60 3136.04077148
19 104 585510.167969
14 133 19019.5070801
247 71 19890.6318359
16 114 842.085021975
171 95 1916.46910858
121 228 84353.6572265
216 107 6662144.0625
144 35 86008.8164062
46 226 108716.099365
15 228 2774785.625
182 206 51163.9013672
161 112 52180.2280273
235 130 1518598.1875
93 81 638.823013306
228 65 136156.460938
56 174 13734.6917095
161 236 61791.6191406
200 80 41320.2373046
200 35 70299.565918
198 76 177737.960938
168 235 2673125.4375
21 151 83511.609375
236 174 13023711.0
221 184 3077.96557618
39 49 1771.28224182
226 23 25727.1440429
100 116 195247.617188
91 110 349116.84375
84 114 145.187063217
242 115 12602.2402344
96 166 4965.3977642
104 135 9870836.75
40 168 830353.78125
45 171 98233.5742188
55 210 1016.30932617
56 86 136795.210938
104 233 394386.140625
198 134 174.224487305
22 95 74974.6289062
168 75 85021.5351562
188 11 667.86053467
99 226 121695.841797
178 112 3259101.78125
161 109 6417.2689209
102 75 142631.710938
112 235 65296438.0
239 14 667.860532758
200 157 13449547.0
114 123 1016.30932617
114 110 523602.476562
7 228 15651.1689453
174 217 6823.79260251
101 159 28572.8183594
119 123 21894.2141113
142 83 433557.578125
112 4 532255.835938
204 46 42017.1425781
203 236 1835802.6875
54 115 133194.640625
102 129 38271.3232421
236 183 30585827.0
22 154 150007.328125
41 216 377.486236572
105 228 3121783.375
43 183 6998.01771548
182 4 71577.2424622
195 175 3162086.0625
17 216 301292.296875
116 71 65682.6123044
228 173 4384.64990234
32 226 317088.59375
168 233 52673.8769531
198 166 464.598602295
61 148 10685.7708111
100 242 2429617.3125
81 135 4152.35009766
161 15 406.523649216
226 166 18874.3103027
81 86 493.636032104
109 61 654793.421875
242 137 23113.7744141
76 236 158663872.0
14 225 25756.1950684
151 19 1974.54309082
236 105 559724.996094
173 66 232.299268722
135 157 13642029.375
110 43 14141.2202148
107 82 7317.42590331
159 241 13241.0605469
81 221 10889.0251465
177 227 108396.617188
236 96 2721532.3125
19 122 958.234680174
135 71 29792.3828125
227 102 2439.14324951
38 166 14547.7369385
11 59 56042.1994932
71 11 406.523712158
21 102 2468.17974853
32 241 6350509.0
114 227 17073.9998779
12 60 1568.02056694
11 210 37603.4375
80 107 21749.0234375
206 226 33363.9785157
67 221 21110.1906128
114 159 54329.0048828
40 111 709296.8125
105 45 193418.080322
221 12 1045.34692383
151 227 263398.34375
39 223 7143.20117185
107 14 2076551.375
135 214 2293.95532227
196 241 1074.38439941
83 242 4020869.5
46 157 26136093.75
59 142 1858.39422607
178 107 919673.125
40 67 427982.539062
177 220 13879.8837891
148 15 3513.52715874
236 199 70386.6962893
112 221 75237094.0
4 110 17528288.75
238 233 9204.86157226
54 151 76165.1484375
116 220 391801.875
39 83 427111.375
61 82 10221.1658935
159 86 111823.087891
4 66 89609.4726562
162 161 331345.890625
209 84 355911.648438
19 157 1110651.59375
212 203 174.224487305
96 14 174.224485397
200 56 81624.1640628
103 134 61791.6169434
86 35 2061714.0625
240 75 87.1122436525
93 209 283492.175781
46 75 9323305.25
235 248 319614.660156
240 135 2555.29290772
233 135 180119.101562
100 209 2184367.875
226 217 464.598602295
221 54 33305.8969116
101 110 11563169.5
238 88 174.224487305
40 227 90074.0957031
107 174 46372.7446289
71 227 1248.6086731
184 37 9030.63305661
119 175 12095645.5
178 75 994879.8125
51 177 1829.35675048
221 168 751952.59375
46 152 84121.3554685
15 22 8362394.0
206 86 189236.775391
206 116 716584.923828
168 16 5110.58483887
12 209 6504.38061522
65 109 55229.165039
84 14 114842.979492
228 200 849083.0
235 30 1484305.125
206 76 5625242.75
32 221 1440023.5625
67 151 28805.121582
93 178 8885.44561767
209 70 211508.507812
23 104 3978.12426758
161 200 522.673461915
247 157 111677.852783
54 24 319.411560059
95 236 973072.28125
242 152 12921.6481933
83 12 163277.382812
203 99 1887.43236542
81 93 638.823013306
130 235 1518598.1875
206 216 2953191.8125
14 15 1050515.49219
49 132 17712.8257447
17 76 716178.609375
49 110 1592498.6875
91 21 15767.3149414
110 215 16067438.5
198 83 63562.8847656
144 101 783603.84375
206 19 40855.6455078
14 206 3688215.875
177 228 1104873.625
183 198 78662.3148804
221 76 5625096.25
38 46 500517.765625
123 215 1735304.3125
96 20 2671.44122315
37 60 754.972763063
173 175 2439.14233398
130 75 153317.605469
159 233 17538.5898437
233 84 102821.486328
130 11 32550.9316407
159 76 1395885.9375
241 112 2147113.375
102 15 50263.7636719
38 144 87.1122436525
63 212 1509.9454937
221 233 498659.21875
114 148 784.01019287
212 166 292029.299438
19 214 77849.2734375
99 174 14896.1850433
178 159 87054.1367188
99 75 18671.0595703
183 174 44775.703125
15 160 10830.9550781
210 112 2522450.25
129 49 6068.81713867
178 216 1827004.0
104 36 14054.1035156
35 11 32696.1240235
101 30 4645.98388672
242 199 4471.76000976
15 110 30091433.0
166 133 9611.38299562
221 23 38735.8908691
67 183 144954.796875
235 14 19510972.5
200 148 41146.0090332
20 135 8275.65931703
235 206 18846972.0
210 107 62140.0585938
182 100 93790.8515625
56 119 210666.312012
148 168 2148.76885987
133 182 1219.57140732
233 178 100904.966797
137 183 1277.64624024
132 75 7665.87377927
166 3 15825.3899517
109 14 1193379.375
146 157 51918.8710938
142 133 129100.285156
217 110 3314097.5
21 76 436170.796875
107 232 10801.9164429
232 206 160315.565063
220 37 34902.9749126
114 59 22533.0366211
66 32 879688.367188
10 70 2148.76782227
235 80 102414.955078
217 56 156337.456543
20 22 11760.1542969
70 114 816299.75
168 212 2206.84258842
16 45 87.1122436525
41 112 36732.3125
88 75 1103.42163086
40 14 6830933.75
84 55 434922.135254
115 109 47330.9702148
110 192 464.598537445
137 166 3397.37695312
32 91 248037.496094
116 37 42365.5742188
215 236 42394253.0
11 100 629327.734375
135 152 9814.64416124
107 63 3658.71325683
182 210 7869.13818359
21 221 34990.078125
60 216 1083211.53125
156 103 1150520.375
45 233 70154.404541
227 105 188017.196289
242 241 87.1122436525
55 159 1190.53404999
159 101 28572.8183594
135 174 97217.2597656
37 235 11440.7407226
209 100 2184367.875
66 16 203.261898041
66 70 36441.9588623
142 30 29.0374126435
93 182 6504.37780763
76 137 498426.895508
182 59 41581.5820312
61 206 665450.125
11 206 857358.328125
91 123 3281.22881889
55 7 76194.1685753
83 142 433557.578125
236 66 13425704.75
110 217 3314097.5
54 129 7143.20568469
110 157 56954418.0
66 71 49944.3486328
100 184 5081.5479126
12 216 68789.6071777
76 75 10503761.25
112 74 178725.234375
235 45 2577825.625
173 178 6126.89331055
142 100 261627.035156
238 135 25436.7709961
46 227 297023.723145
206 101 322199.125
151 60 15302.7138672
71 75 11411.7016602
130 65 7927.21319582
63 88 5894.59545898
183 107 335614.498047
144 65 584987.609375
183 144 1189400.92188
221 219 1509.94506836
168 54 41146.0308228
142 214 17248.2167969
39 54 174.224487305
7 175 3048.92736816
100 115 5778.44433594
162 134 522.673461914
199 22 69370.3769531
220 166 24304.3134766
192 14 339098.984375
54 177 6620.53088382
51 86 2700.47955322
67 91 2406533.3125
103 38 29937.5686035
236 168 8603697.375
236 187 437332.476562
86 15 1003271.4375
183 104 526303.140625
104 82 16609.397583
61 35 218680.71875
160 91 512016.5
178 122 319.411560059
240 22 29.0374126435
86 112 2680733.53125
104 40 3759504.0
80 59 1103.42174912
54 14 23868.7436523
187 88 4268.49969482
68 228 3165.07861328
200 45 213918.644531
32 102 14083.1425781
135 184 8856.41381836
66 233 712868.663574
27 20 319.411558151
178 7 1230896.23438
240 242 2177.80517578
45 91 119982.574219
209 162 7543970.25
44 14 319.411558151
101 217 57581.1728516
60 61 330619.851562
83 17 477316.828125
236 235 257484104.0
232 66 3542.56341553
183 32 2948197.125
236 17 4170845.8125
141 228 8391.8125
226 177 5429.99535367
27 238 14809.0776367
112 132 80578.8398435
115 157 415031.75
151 70 7723.94995117
55 209 700585.5
91 14 23578.3671875
15 37 5255.7705078
146 114 2439.14300537
157 54 552175.453125
182 83 11190339.0
215 156 11150.3679199
65 144 584987.609375
242 105 127619.46875
84 104 78226.758789
54 99 77936.43457
216 206 2953191.8125
216 19 462972.328125
228 81 6039.78033445
228 122 2410.10583496
168 239 51134.8886718
23 200 261.336730957
175 46 7100311.75
111 91 28659.9136963
210 171 1684.16955567
11 19 225504.598633
116 228 33218.8105469
46 216 8201963.75
227 83 4985809.75
146 228 73435.6230469
71 159 493.636014938
81 200 1393.79589844
22 151 1598886.9375
22 194 6707.64190672
54 200 9408.11889651
81 11 203.261856079
184 130 2090.69415092
129 103 63156.3876953
115 144 26714.4082031
229 135 4384.64965821
94 59 87.1122436525
166 183 2843777.75
144 14 1819831.75
175 91 2468.17956162
227 217 39752.2197266
183 86 3448278.90625
19 46 1992982.40625
60 175 43701.3208008
45 105 193418.080322
130 22 14288804.25
242 80 11934.3726768
91 168 40245.8640137
38 215 30198.9198608
49 88 1016.30932617
121 157 14576.7821045
65 112 1415602.875
86 196 66873.137207
130 199 958.234617233
235 129 1835977.6875
95 221 4936.35784912
40 27 70357.6289062
203 151 14112.1796875
54 45 66176.2390137
226 160 3281.22631836
101 151 55635.6972656
109 59 529555.351562
196 228 29560.0938873
39 46 529294.015625
10 104 4558.87304688
96 157 64259.8139646
235 199 380825.458008
66 54 348.448974609
110 16 1334500.89062
11 209 5724288.0
104 178 143764.181641
227 116 4529.83575439
110 228 18487909.5
93 46 76223.2232628
209 137 56710.0742188
141 103 40158.7265625
103 137 86938.0
182 66 595789.523438
16 178 14170.2532959
16 105 189556.169922
86 182 1954944.1875
59 70 2090.69366455
227 130 37138.8447265
178 175 47447.1416015
166 103 460852.59375
16 32 15941.5354004
200 198 100875.989746
39 114 87.1122436525
111 188 8014.3222046
133 130 145.187068939
114 130 3252.18983459
66 26 319.411560059
54 88 1074.38439941
142 19 319.411560059
60 103 74393.828125
162 114 929.19720459
142 159 43585.1593018
88 107 1219.57118225
199 60 87.1122379305
51 112 77558.9023438
226 130 203.261856079
107 32 1042297.78125
36 141 1161.49615288
114 210 51425.2336426
41 55 4065.23925781
239 66 842.0848999
83 157 230980904.0
236 93 439074.75
10 212 1335.7208252
144 45 4641484.625
39 135 17277.2524415
198 107 5197.6958008
142 76 1746744.8125
17 55 6010.7451172
109 91 41639.6333008
248 232 5284.81082153
216 233 718501.414062
61 196 7201.27899172
75 4 228930.840332
242 151 9640.42370605
46 122 128577.650391
112 40 60903212.0
114 66 202593.96875
168 35 5865.55847168
66 200 885495.78125
247 216 313981.630737
235 65 262962.828125
212 110 11789.1903076
142 227 435.561218262
188 46 23549.3398438
196 75 4500.79808807
228 206 674771.359375
177 174 73290.4355469
141 183 28688.9755249
223 168 638.8230896
132 210 3455.45141602
36 40 6939.93859861
161 116 522.673461915
223 19 5081.54742431
75 172 3861.97497559
27 235 100033.90625
22 226 35135.2714843
232 123 87.1122436525
177 168 98117.4140625
151 22 1598886.9375
144 86 131307.164062
216 217 140976.648193
27 61 10395.3903809
22 16 13589.5041504
110 61 10239812.0
14 83 14265926.25
157 199 56651.9858401
236 101 10905585.75
61 172 9117.74475099
157 184 36529.0625
216 200 7100171.21875
55 175 8043.36364747
3 32 2032.61895752
76 41 33131.6747437
216 75 3364011.875
60 178 99772.53125
130 178 232908.996094
130 21 19745.434082
109 221 1838881.125
168 110 1173953.4375
45 241 1407849.6875
24 101 900.159851074
80 104 9466.19805907
60 232 7027.05023194
22 41 21952.2880249
86 212 17741.8519287
210 76 1423471.71875
41 104 4791.17248535
221 3 5894.59222411
61 119 2459265.5625
60 27 261.336723328
27 200 2352.03076172
107 15 1565987.71875
135 217 214992.996094
187 166 987.27203369
141 168 50641.2460938
15 242 201897.15625
132 238 319.411560059
7 152 1829.3571701
178 104 143764.181641
105 233 303615.022461
175 200 15892252.5
65 206 16609.399414
119 15 1460669.25
105 183 2166917.20312
148 14 3571.60216904
217 76 2391665.75
110 209 63907942.0
23 54 6126.89337156
141 206 6620.52685545
200 171 56332.602539
107 241 94487.7402344
215 51 24130.0979595
248 112 375192.515625
232 103 147916.599609
20 14 19484.1000976
20 174 638.823116302
96 15 2816.6293335
111 17 15273.6752929
35 175 7375.50268555
178 81 1161.49639892
86 36 842.085021974
16 103 33218.78479
60 247 290.374137878
233 144 278613.976074
116 40 70212.4804688
168 19 377950.890625
20 235 379547.976562
209 38 31273.2783203
178 232 41639.6368408
248 183 377.486389161
248 196 203.261898041
40 225 493.636047363
115 61 25291.574522
50 168 3194.11572265
129 100 13066.8327637
166 119 2366694.5
233 22 742254.0625
239 76 366800.484375
221 177 644891.6875
91 228 28311.4750977
15 19 86299.1699216
19 24 11208.4411621
192 40 1335.72093201
20 187 14634.8513794
81 61 5342.88197328
55 162 2138460.07812
99 203 1887.43236542
171 15 14721.9697265
196 65 261.336730957
66 220 15012.3393555
183 228 12296836.875
51 206 84702.1010742
177 141 6823.78979493
248 214 14315.4433594
80 220 725.935361863
219 200 290.374145508
119 174 1003881.375
210 151 5778.44445801
216 101 2307457.625
95 100 13182.9829102
22 221 4467722.875
177 236 9459318.75
146 242 1742.24449921
14 84 114842.979492
235 103 16397301.5
107 196 68237.8905029
22 30 9785.60546875
14 212 5226.7341919
83 95 29037.4179688
123 14 19977.7392578
144 96 22184.5797119
152 76 76281.3125
88 83 31912.1171875
112 125 493.636016846
80 76 4802234.75
14 168 1192769.53125
66 151 71344.890625
146 103 11847.258789
60 144 51280.046875
221 137 123960.725586
109 215 1642355.21875
11 162 724135.0
219 107 2032.61865235
225 174 290.374145508
215 10 21749.0181847
209 51 158224.789062
67 103 7201.27593995
196 80 28108.2158203
32 60 79446.3535156
228 115 1419870.9375
75 71 11411.7016602
75 112 6251173.75
115 75 429753.53125
148 221 3107.00335693
182 86 1954944.1875
107 223 958.234617233
19 217 36006.3857422
236 142 1068344.10938
162 216 1217770.46875
83 212 20616.5629883
220 242 45559.7092876
40 75 1756617.65625
104 22 3607316.0625
65 242 5865.55654907
104 210 532197.625
177 198 551.710876465
235 11 2117407.75
177 217 49363.5878906
200 151 646895.53125
107 119 4770323.375
20 144 32318.6425781
20 83 61152.788086
215 130 354372.53125
4 233 753172.5625
60 67 842.0848999
174 110 775211.40625
75 111 23694.53125
20 238 116.149650573
235 192 1945.50653076
59 54 1655.13259888
178 68 25204.4794922
212 91 4065.23925781
178 152 352107.679688
142 103 549620.188477
84 247 667.860443115
109 66 248240.8125
235 61 21729442.0
209 223 38648.8066407
17 215 6649.5644531
102 166 850157.171875
226 59 406.523788452
12 86 159618.675537
221 151 150065.328125
40 15 2857455.0
63 144 3019.89135742
132 216 103198.96875
133 50 2032.61791611
43 235 3542.56341553
88 215 638.823120115
199 130 958.234617233
175 109 1111319.39062
216 91 93732.7578125
227 221 57610.1976318
174 200 51396.2011718
141 22 302395.671875
109 233 414944.546875
206 195 6469331.5
132 206 1916.46850586
40 59 38155.1464843
60 55 28688.9614258
119 156 72593.5048828
210 203 8624.11303713
60 227 12195.7128906
212 20 13153.9488487
99 171 99336.9785156
75 238 27963.0302429
141 60 2061.65673828
59 132 11498.8149414
101 99 3484.4897461
210 86 14867.1491699
46 32 8610637.25
46 144 10615640.875
14 111 62459.4938962
223 135 10656.7272949
203 110 8805968.25
27 111 58.0748252869
35 216 321037.640625
236 141 50031.4692383
51 203 290.374137878
151 247 1045.34692383
91 130 3484.4897461
81 100 86037.8381348
119 199 16202.8807373
46 184 18583.9453125
110 214 28543.7675781
105 119 11341025.0
235 240 667.860466004
142 151 8507.95812986
103 70 24856.0235596
59 100 109325.859375
156 151 696.89794922
55 141 79243.0839844
235 39 299230.4375
174 10 87.1122379305
54 103 63911.3609619
238 144 377399.242188
168 151 117224.03125
151 59 16551.3232422
67 101 522.673461915
75 122 6533.41540528
242 247 58.074825287
239 215 31592.689209
183 135 808604.625
212 188 377.486389161
196 11 18990.4726562
135 115 15389.8291016
182 184 3281.22668076
157 19 1110651.59375
188 23 522.673461914
203 210 8624.11303713
112 55 248385.894531
71 130 2177.80517578
46 37 20181.0
93 157 40478.1428223
83 74 31563.6708985
162 144 78749.4362793
39 103 41087.9296875
220 116 391801.875
71 40 49566.8613281
11 22 1605420.0625
200 66 885495.78125
55 105 1074.38421631
40 247 20877.8989105
129 227 929.197143553
86 14 416425.359375
40 146 18032.2329102
203 159 16928.8105469
11 103 1503034.34375
209 134 56652.0170898
61 36 18554.9042968
54 226 147829.46582
21 45 2845.66564942
14 71 23926.8173828
103 84 257823.140625
63 103 551.71081543
46 49 1120553.35938
3 227 2322.99316406
177 151 317930.515625
32 105 967787.611328
111 110 66582.7871093
103 178 487509.066406
22 83 153225392.0
102 91 232.299301147
200 209 2214364.1875
199 221 10540.578125
44 15 5865.55938721
70 86 15302.7163086
83 32 24495879.0
101 10 7317.42590331
144 103 1108096.70312
229 32 11585.9233399
223 24 66118.1875
241 174 1489473.5625
144 175 1950501.02344
21 86 18380.6791992
235 96 37138.8364258
248 55 203.261856079
236 16 398712.683594
46 168 3024420.0
182 151 125267.371094
132 242 1393.79589844
119 178 1278981.19531
232 110 116933.664062
119 157 10102722.25
84 107 135517.554688
216 35 321037.640625
16 75 6068.81640625
175 55 8043.36364747
137 66 1684.1697998
11 35 32696.1240235
171 160 387213.822266
46 55 214499.238281
107 156 842.084838867
242 60 47505.2197265
71 83 492445.453125
38 61 18235.4960938
175 141 5749.4082031
12 75 4558.87481499
82 100 4065.23675537
37 107 784.01019287
166 111 477142.488281
17 182 1597.05740356
182 217 261627.123047
99 242 1597.0579834
32 196 44775.6801758
55 11 11092.288086
144 11 2483918.9375
157 95 85079.6328125
162 66 18264.5371093
157 187 3136.03887939
19 39 11353.6264648
4 166 27643.6203614
60 168 26133.6669922
45 102 65218.0322263
23 209 110951.912354
130 19 2961.81591797
76 156 111968.273438
21 162 17219.1815186
210 247 4413.68692017
100 30 145.187072754
183 75 12054648.75
156 61 11092.2875977
232 235 222687.921875
151 110 3598694.125
175 239 11644.0025024
196 151 37690.5487061
15 226 16348.0590667
123 174 43207.6818848
60 195 145.187072754
104 93 20210.0395508
239 221 37806.723877
144 162 78749.4362793
91 182 2555.29141235
63 95 15709.2348633
228 70 63679.0195312
56 168 6068.81860352
86 66 709093.78125
200 21 10947.1005859
40 93 50437.9643555
217 247 14954.2614746
236 172 190195.070312
40 199 7840.10253904
109 60 63417.71875
221 183 1352446.71875
55 15 13357.2110596
171 59 319.411556244
168 173 4936.35784912
50 61 29.0374126435
66 39 9291.97192381
157 100 10294572.5
215 60 491864.75
35 71 8304.69726562
119 223 7433.57501221
236 240 31476.5405273
159 84 7782.02539064
104 232 12021.4885254
177 223 22039.3913574
187 83 6184.96777344
86 151 352078.609375
194 110 2903.74093628
220 178 39374.737793
93 49 116.149650573
209 132 59584.7675782
19 11 225504.598633
142 137 27062.8565674
198 61 9640.42187502
238 75 27963.0302429
152 14 16319.0198345
93 61 9698.49377059
200 204 92542.2370605
209 16 19977.7373047
114 129 725.935317994
32 103 1653680.9375
159 71 493.636014938
168 203 20064.8520508
66 175 21865.1748047
17 91 929.197261812
83 183 50119012.0
20 112 176344.246216
22 105 1098717.26562
233 39 20297.1552734
45 4 56419.6761472
76 240 11876.3012695
171 20 6417.2686157
241 173 35425.6308593
151 86 352078.609375
107 17 10830.9591217
171 182 4442.72497558
86 156 1364.75848388
22 162 710255.195312
40 125 13908.9189453
157 156 34293.178711
55 61 34089.921875
206 84 320631.027344
36 130 1538.9831543
39 144 174.224487305
178 116 13850.8417968
144 210 139611.873047
32 233 533126.90625
188 104 1422.8334961
61 137 5604.21875
188 49 6533.41869352
247 4 435.561218262
46 86 2068653.53125
141 119 5633.25872804
206 71 35803.1247559
134 236 213744.335938
21 66 21719.9763183
173 144 35280.4614258
132 103 10714.8007812
206 41 2874.70399475
100 21 70996.4755862
151 215 787465.488281
63 188 11382.6684571
49 66 6823.79144285
51 7 49537.8183594
37 236 31970.196289
14 4 90916.1523438
192 225 929.197235107
14 178 388927.164062
137 220 754.972776413
122 60 2293.95562744
76 24 696956.130859
99 60 7752.98620608
82 40 4355.61169434
156 209 14925.2290039
182 103 147451.984375
103 37 12602.2397308
43 242 1248.60852051
35 215 234506.199219
38 11 725.935359957
94 168 784.010147094
209 60 1201132.28125
96 65 1103.42156982
32 40 6677531.75
203 173 551.710842133
204 107 145.187072754
41 107 29.0374126435
228 182 2744732.75
36 84 48463.4238282
114 206 25988.4902344
111 99 23462.2260742
71 168 13560.467041
220 110 138537.507812
11 76 4362580.75
40 182 374727.796875
38 221 666873.177734
119 17 1558669.15771
227 93 4616.94836426
20 241 20006.7753906
221 91 36935.5773926
7 135 5923.6323242
83 60 19376379.0
235 175 6265984.9375
32 43 2729.51586151
7 86 842.0848999
59 119 126167.49585
188 235 234709.414062
236 196 177825.132812
112 227 567013.402344
227 15 114784.863281
215 82 27963.0297241
84 200 48899.0004883
159 91 6446.30517578
86 228 2371688.5
209 174 2756434.6875
20 15 3978.12438965
133 19 29.0374126435
111 32 140686.307373
45 226 10482.5034179
61 183 2117582.25
86 22 3182761.375
56 227 16609.3991699
65 174 708541.5
166 194 2613.36621094
61 209 4585615.5
70 12 1103.42175293
177 154 3861.97705078
61 59 95010.421875
134 166 4065.23608398
248 144 174.224487305
14 50 10569.6148682
15 65 47737.5019531
7 60 25610.9950562
22 103 13567262.5
241 166 112636.148438
86 43 145.187063217
151 142 8507.95812986
200 109 1749271.75
119 51 1593805.19922
109 119 3120592.625
109 239 35977.3603516
238 209 562367.5
24 105 1597.0571289
119 61 2459265.5625
228 84 122073.242188
206 91 11121.3247071
206 121 871.122436525
227 220 145.187068939
183 236 30585827.0
111 76 163190.304688
20 75 8914.4871826
228 215 4995884.0625
171 14 30750.6064453
32 219 17799.9277344
105 83 6110780.125
194 76 5139.61956785
209 65 522963.765625
177 55 165861.658203
161 195 2700.47924805
49 210 14199.2885742
142 168 82233.9752808
122 129 29.0374126435
83 7 374350.453125
32 27 1273696.875
76 220 92542.2128906
216 96 10221.1679688
166 235 33688331.0
12 236 366684.523438
110 95 17858.0102539
146 100 929.197261812
105 174 70706.0859375
110 200 6102155.375
123 15 135198.214844
142 210 11092.2905273
14 175 3352049.0
32 133 14402.5575867
60 135 129971.514343
173 241 35425.6308593
76 84 549446.0625
70 27 58.0748252869
130 220 19426.0249024
204 74 11527.8519898
65 228 136156.460938
44 157 4529.83410263
232 100 39461.8242187
173 101 319.411560059
209 122 17190.1539307
210 14 628021.0
209 43 48027.8745117
130 15 659991.125
17 23 754.972774507
196 235 144925.6875
43 216 2090.69313049
104 215 908290.375
75 114 57145.6272566
215 174 236219.285156
75 223 900.159729005
61 7 22620.1451378
75 182 165397.101562
51 60 2700.47845459
141 59 377.486389161
168 216 898707.789062
183 172 2903.74145508
107 84 135517.554688
15 162 761331.6875
135 198 12863.5705872
162 55 2138460.07812
104 19 585510.167969
35 15 684876.53125
132 162 5575.18078234
241 235 1814025.1875
242 196 89783.6646118
15 105 574563.269531
177 204 232.299316406
20 134 29.0374126435
19 178 23229.9245605
123 76 444533.734375
232 221 27149.984253
196 76 1654929.5625
19 177 53254.5917968
215 200 1872390.1875
240 45 1161.49658203
107 54 18642.0238037
96 221 6475.33984375
14 32 2158060.5
70 103 24856.0235596
56 228 139321.492188
199 107 15622.1245117
178 135 263020.876953
217 105 130755.515625
195 151 1425446.79688
116 32 34380.3081055
116 195 837032.648438
196 159 871.122436525
178 239 72941.9967003
102 157 1323554.25
241 54 3198180.31641
159 114 54329.0048828
3 215 5604.21972656
81 178 1161.49639892
157 146 51918.8710938
40 83 25430802.0
71 119 63475.7866213
102 100 30518.3303222
203 86 128548.667968
204 76 580.748199462
172 45 1916.46850586
228 137 12689.3486328
133 35 435.561218262
54 66 348.448974609
228 217 2171794.875
35 49 8566.03759767
76 129 1224158.9375
216 70 194724.914062
242 229 1538.9831543
171 76 63446.7382812
46 195 5672488.0
223 162 41000.8183593
61 160 4268.50048828
133 61 16783.6293946
203 102 8275.65856931
35 55 5139.62060547
32 17 88622.1662598
16 235 214092.890625
93 39 104505.594963
174 144 1230082.5625
100 248 10308.2805176
123 135 19019.5040283
109 162 116381.931152
104 110 3542186.875
206 114 25988.4902344
83 134 131249.140625
137 11 493.636016846
223 80 5081.54779052
236 70 2073038.96875
49 21 8246.62542725
144 100 2171387.8125
54 123 1103.42156982
174 91 81391.899414
117 123 2526.25439453
37 157 27469.3945313
100 183 1160653.96777
235 110 79766172.0
137 36 15912.4995117
182 221 134152.8125
235 46 32307349.0
209 74 2322.99279785
67 96 2381.06703186
129 61 1116052.875
216 219 2932.7779541
161 86 232.299301147
159 175 592798.625
168 206 250970.34375
61 101 770739.8125
24 51 1277.64611816
43 154 609.785583495
83 247 300943.742188
135 45 476968.5
160 216 28369.5463867
95 46 43614.1953125
46 116 436257.90332
217 215 195073.295898
94 206 842.0848999
227 55 66060.1367188
227 129 929.197143553
162 135 179567.300781
100 103 10463343.25
119 110 10779554.0
166 174 228930.941406
220 83 325770.71875
27 182 319.411560059
84 27 232.299312592
157 239 139176.277343
157 11 2274326.1875
86 11 289560.929688
178 4 273038.84375
40 132 26946.7202149
168 76 1519382.375
61 22 6624073.5
141 110 320050.3125
137 24 2439.14300537
114 116 9553.30932616
137 104 34118.9624023
104 192 38939.1757813
182 22 1301804.75
4 19 2032.61865235
133 210 232.299268722
107 236 69763712.0
162 203 5052.51086426
66 232 3542.56341553
221 214 20703.6640625
235 159 4019620.375
209 161 8304.69750978
196 101 3310.26513672
96 168 2555.29198456
217 83 5397183.625
235 4 2439548.84375
19 59 3136.039917
50 112 2352.0302124
67 177 3861.9765625
144 168 156772.998047
151 66 71344.890625
121 107 2322.99316406
166 195 45850.0664062
96 59 319.411560059
225 14 25756.1950684
103 214 2410.10473633
103 59 95155.6083984
232 59 2468.18017578
116 11 134327.123779
216 36 2613.36633301
91 54 96171.8808594
12 83 163277.382812
75 157 11760206.0
55 51 56884.3007812
175 216 771001.15625
187 46 609.785583495
212 103 4442.7243042
102 236 1646769.4375
121 235 16754.5930481
83 223 45443.5639648
14 96 174.224485397
35 24 290.3741436
4 112 532255.835938
81 195 7056.0888672
242 220 45559.7092876
17 221 4123.31292725
183 248 377.486389161
198 206 114668.688477
221 104 6993251.75
206 130 65218.0405271
129 109 35454.6738282
135 51 18874.3111534
166 4 27643.6203614
93 135 9204.86010744
74 242 580.748291015
14 75 2187358.6875
88 10 6330.15319823
177 184 1335.72113037
68 32 27120.9457398
157 50 9350.04492188
45 59 2903.74110412
44 24 3194.11366272
135 146 1829.35626221
130 35 145.187072754
76 217 2391665.75
104 71 33044.5751953
235 54 220016.46875
175 65 2787.59106445
46 61 5418234.25
3 65 290.374145508
40 71 49566.8613281
182 227 107409.357422
135 95 1277.64622498
235 123 2021120.46875
15 45 225736.898438
67 104 9466.19554902
96 100 23026.6679688
203 133 348.448974609
54 46 247921.438232
54 195 3978.12597656
236 175 56742735.0
226 99 121695.841797
55 101 18903.3564453
247 200 787465.28125
4 242 20442.3300781
32 177 1136001.28125
23 160 580.748291015
235 196 144925.6875
66 45 40855.6499023
66 210 127648.459961
200 233 342176.679688
65 210 4616.9463501
212 174 464.598602295
63 171 2352.03076172
110 226 246498.632812
56 195 3803.90136719
116 61 50612.2041015
84 233 102821.486328
59 32 30808.7028809
19 14 634176.929688
11 227 284189.054688
102 227 2439.14324951
227 21 145.187068939
134 110 30605.4326171
96 206 551.71081543
93 75 290.374145508
81 45 87.1122436525
80 159 348.448974609
227 125 464.598602295
104 184 1684.17002869
14 241 1771.28271485
200 195 13063253.2188
200 166 814034.78125
174 206 63998.46875
65 32 485040.882812
66 86 709093.78125
226 134 29.0374126435
60 109 63417.71875
221 159 1161177.0625
238 54 25407.7458496
198 228 754.972747803
22 102 205381.554688
233 45 70154.404541
204 40 319.411558151
220 76 92542.2128906
51 83 283463.125
56 105 7404.54235841
86 166 442762.296875
160 65 50815.46875
40 129 160083.265625
235 119 22890440.0
188 76 28224.3579102
144 46 10615640.875
40 154 125470.710938
215 182 873038.71875
156 11 290.374145508
103 67 7201.27593995
228 178 777273.40625
132 110 826433.78125
75 110 8741300.25
23 226 25727.1440429
67 144 810230.589844
66 195 3102531.3125
188 107 1045.34692383
183 83 50119012.0
183 99 52877.1303711
188 216 1480.90808105
100 129 13066.8327637
219 112 2439.14282227
132 130 784.01019287
24 166 116.149650573
173 135 4355.61211967
44 235 12428.0128174
4 76 15911193.0
12 119 2090.69415283
151 35 78836.5625003
59 203 8043.36181643
14 86 416425.359375
135 166 478827.03125
110 40 13073855.5
51 76 728955.078125
21 210 5284.8066406
83 177 65819444.0
110 63 2497.21765137
182 173 58.0748252869
227 49 551.710861206
61 171 145709.726562
110 116 331374.835938
110 233 3081972.9375
168 21 609.785705566
183 39 26191.7409668
199 162 37051.7382812
55 166 19048.5466309
21 159 1045.34692383
162 76 5536330.75
229 157 23026.6633301
135 183 808604.625
227 71 1248.6086731
112 117 69050.9570312
204 135 11556.8891601
123 66 46576.0301514
135 82 6010.74188231
239 15 142980.189453
144 159 738973.1875
27 215 71751.4597168
135 200 100500960.0
111 183 52993.2543945
122 177 1509.9455719
119 32 7281770.25
46 160 26569.2233887
238 183 343425.494141
221 94 24188.1635742
235 168 2673125.4375
117 46 3949.08813477
119 239 1037913.53125
60 66 100934.056152
40 206 1891960.8125
116 221 131916.917969
19 112 2807829.9375
86 236 4540521.125
198 183 78662.3148804
200 101 2091506.5625
236 195 58462688.0
112 225 64085.5859375
223 183 26946.7167969
21 168 609.785705566
40 173 16435.1704102
4 60 6010.74371335
248 160 1132.45874024
119 220 75468.2626956
162 61 159676.733398
11 21 45356.4396973
45 159 161535.105469
178 23 9466.19921875
86 95 2264.91802788
177 91 25407.7382812
235 151 4038029.625
19 227 38271.2956543
102 14 202071.378418
86 19 25233.5148926
133 220 29.0374126435
75 194 174.224487305
142 86 3107.00317383
50 235 6417.26611328
101 11 130581.269531
61 60 330619.851562
156 86 1364.75848388
134 157 112868.431641
23 32 12834.5302124
119 76 11958534.5
101 116 7056.0925293
248 135 33451.1064453
101 61 770739.8125
219 110 87141.253906
115 83 3732846.0625
159 54 2003.58092499
86 51 2700.47955322
210 35 3426.41455078
51 168 31128.1187134
119 216 3749977.0625
40 4 3736766.25
24 137 2439.14300537
46 104 18653405.0
15 24 15738.2729339
63 76 17451.4882813
242 102 20529.4448242
172 135 157527.925781
129 206 10424.4277344
192 104 38939.1757813
55 161 115830.193237
99 200 54067.6563718
228 111 72912.9250793
16 83 844640.171875
235 26 7549.72509765
46 54 247921.438232
161 4 4442.72290039
134 14 16754.5898438
22 129 633073.78125
61 86 1093897.09375
227 215 356230.984375
177 216 2565194.4375
232 130 406.523712158
247 166 1393.79589844
54 30 696.89794922
216 177 2565194.4375
119 172 378008.890625
59 178 55171.0756833
21 217 41959.0750122
37 14 290.374145508
59 4 4849.24865341
22 219 15418.8666992
112 109 6056189.5
14 93 25233.5061626
235 109 12559134.5
107 199 15622.1245117
55 4 105115.46545
91 23 34844.8908997
83 94 5255.77313233
151 200 646895.53125
116 110 331374.835938
183 102 149571.736328
216 157 20141988.0
66 133 1335.7210083
146 109 11150.3618164
76 30 15273.671875
27 173 85892.6376953
109 200 1749271.75
49 70 7840.10351562
219 40 2845.66662597
71 76 213483.070312
130 14 2264.91748047
216 16 166587.570068
195 71 1393128.11719
203 65 20819.8215332
43 55 3455.45238495
132 59 11498.8149414
228 37 29.0374126435
61 3 20151.9604492
226 65 33567.2597656
212 157 408585.46875
168 55 118240.292969
11 174 786246.085938
24 36 3426.41345215
110 210 382655.09375
162 43 3310.26568603
178 39 169781.72583
146 206 348.448974609
35 14 29502.0019531
115 112 572588.71875
21 22 236713.03125
84 32 140163.535156
242 195 40710.453125
15 102 50263.7636719
100 223 19426.0253906
236 125 417848.1875
177 215 6849983.5
133 242 667.86053467
83 133 236829.050781
223 103 50902.5703125
144 119 13410287.25
248 216 14663.8879394
14 125 58.074825287
102 142 493.635955811
196 174 871.122436524
103 4 79881.9394531
19 137 609.785583495
20 221 11353.623291
240 110 1335.72106934
10 95 17887.050293
166 7 222600.80835
178 144 687722.265625
70 66 36441.9588623
109 70 3774.86450195
235 63 94110.2343747
101 43 580.748291015
196 83 195218.511719
104 115 9030.63281252
235 88 68586.371582
178 238 21226.3427734
40 11 1660184.5
88 188 11644.0048828
10 76 27963.0153808
27 65 43672.28125
32 68 27120.9457398
157 133 42830.1767578
3 40 5313.84564209
216 86 1317746.6875
174 215 236219.285156
121 14 2061.65637207
172 240 6910.90478516
206 198 114668.688477
65 151 493.636016846
101 223 987.272087099
171 236 4257145.875
15 215 4970738.875
236 228 20768447.0
60 221 144809.605469
161 144 290.374145508
178 67 15070.4135742
24 242 1190.53393555
116 100 195247.617188
210 15 62749.8320312
75 174 107786.859375
209 99 260262.328125
135 107 3561234.0
142 32 8595.07156371
135 236 115156872.0
14 114 197948.052246
203 105 97623.746582
76 151 15930151.5
63 241 7927.20996095
82 103 4936.36071778
43 22 516430.199219
174 40 993979.46875
174 135 97217.2597656
32 194 261.336713791
105 114 40013.555664
187 20 14634.8513794
119 196 32028.2711182
223 235 40565.2778321
152 209 181106.28125
49 23 2206.84264755
110 160 41407.3457031
103 66 1452190.09375
59 101 34118.9609375
12 130 7143.19952391
235 49 1594909.125
4 135 78197.7470703
49 54 252189.959473
54 109 22416.8813476
216 109 6435590.4375
114 4 63214.4331057
67 32 122305.543457
24 233 958.23474121
132 66 16899.7705078
75 188 18990.465147
166 156 1306.6835022
86 187 232.299268722
61 96 10134.0536499
200 95 7578.76177981
157 36 26075.5913086
15 210 62749.8320312
46 27 237816.382812
227 216 289648.191406
227 43 261.336730957
182 175 16348.0563965
39 109 4616.94799804
91 109 41639.6333008
236 51 1643604.39062
129 178 184271.371094
21 175 4326.5748291
103 121 19019.5009766
75 91 91554.9179685
50 142 2845.66699219
38 107 56042.2246094
194 178 79852.8808594
84 119 182993.736328
99 107 55780.8903809
209 142 220277.726562
61 19 316740.164062
95 65 12311.8615646
3 59 10105.0195312
168 56 6068.81860352
166 154 6765.7167969
103 93 44543.3896485
111 70 696.897857666
104 45 551275.203125
228 27 2700.47825623
129 54 7143.20568469
70 221 44369.163086
80 60 13821.8045044
172 174 1597.0571289
4 22 3211683.0
200 55 7375.50463868
43 107 7549.72509765
178 3 551.710845947
183 19 148177.859375
83 100 18694897.5
248 75 58132.890625
96 177 2264.91864014
45 206 229627.828125
144 109 996824.828125
46 178 1157518.1875
221 129 21894.2127991
21 91 15767.3149414
60 80 13821.8045044
112 137 21952.277832
123 159 1190.53399658
56 54 2148.76898193
166 196 2700.47845459
122 183 4994.43675995
152 7 1829.3571701
157 49 802100.3125
67 241 191414.647705
40 159 1759463.5
71 232 203.261899948
238 221 53574.0097657
142 75 9959.82983398
194 236 4326.5736084
16 135 9059.67260742
228 235 14639325.0
20 212 13153.9488487
55 116 11382.6677246
168 238 10221.1655273
187 49 1161.49658203
99 19 871.122436525
209 27 173614.699219
81 151 1800.31945801
183 210 128345.305176
14 101 235812.871094
159 40 1759463.5
83 206 19720380.0
63 23 1074.38427734
51 220 1016.30950928
206 129 10424.4277344
39 235 299230.4375
135 43 290.374145508
175 227 4704.05889893
76 241 1443826.6875
83 112 108208140.0
35 242 22213.6220704
14 74 1631350.0625
177 96 2264.91864014
183 81 145.187063217
66 178 475836.191406
95 187 435.561124801
141 14 1538.982481
22 241 914881.71875
242 235 2130532.90625
80 178 94720.0673828
175 38 9059.66992189
91 175 2468.17956162
152 220 2874.70449829
14 132 15912.5048828
121 166 5517.10595705
81 242 1916.46929932
172 32 3455.45141602
86 203 128548.667968
36 14 203.261856079
75 95 3368.34105682
55 217 1451.87063599
15 39 10598.6525879
228 66 1608672.3125
20 100 31737.8856812
86 70 15302.7163086
84 248 18235.4862061
54 49 252189.959473
242 75 108977.394531
135 227 83598.7128909
168 93 12660.3051758
174 63 464.598602295
22 70 431176.359375
200 248 18177.415039
229 110 341741.126953
119 232 14402.5615234
236 192 228611.421875
195 228 3453855.5625
50 83 6039.78222657
66 49 6823.79144285
177 235 10416552.75
61 134 18700.0854493
171 241 650670.0
248 11 3774.86273193
198 103 22765.3242188
86 221 453128.699219
183 221 1352446.71875
86 133 2148.76843262
59 17 958.234390259
19 15 86299.1699216
174 84 3165.07629394
65 238 36703.2846679
178 168 247601.928711
10 174 87.1122379305
65 17 754.972778322
32 109 1354275.67188
227 247 2206.8425293
80 206 79330.2167971
83 184 80956.2949219
200 240 47301.9234619
110 134 30605.4326171
19 63 1393.79589844
105 11 1130222.54053
119 151 369559.179688
84 203 4297.53631592
248 46 233896.267578
22 161 13850.841919
40 130 264472.6875
122 157 37922.8452149
15 111 6591.49102786
144 49 2460513.4375
156 14 19280.8359375
238 226 6910.90179446
177 240 1190.53393555
61 203 397406.046875
112 46 280697816.0
67 135 15738.2729492
175 7 3048.92736816
135 16 9059.67260742
51 183 2874.70449829
24 76 696956.130859
209 239 28601.8442383
91 241 794173.042969
105 123 13124.9046631
